724
874
2029
2429
2857
2961
2977
3612
3844
3902
4042
4144
4246
4543
5388
5418
5448
5592
5640
5954
6209
7238
7516
7684
7750
7989
8898
9007
10708
10801
11608
11653
12817
12844
14764
14953
15694
16321
16344
16478
17470
17677
18619
18967
19920
20023
20478
20795
21181
22384
22981
23697
23754
23823
24001
24015
24480
24685
24755
25048
25144
25389
25449
25556
25616
25647
25820
26207
26633
26708
26748
26781
27509
27720
27805
28122
28571
29003
29025
29211
29630
29824
29977
30406
30596
32034
32409
32421
33185
33261
33302
33661
34236
35244
35729
36126
36707
36802
37126
37727
37778
38042
38525
38914
39224
39261
39438
39549
41328
41628
41643
41673
41721
43425
43669
43874
44621
44759
44774
45122
45208
45754
45877
46796
46820
46917
47243
47950
47967
48277
49045
49660
49953
50240
50604
51164
51186
51314
51567
51575
51830
52548
52847
53023
53363
53441
54052
54215
54754
55099
55162
55393
55528
56313
56660
56861
57113
58024
58103
58593
59357
59412
59436
59510
59817
59850
60180
60441
61647
61970
62087
62149
62665
65015
65940
66262
66724
66955
67286
67412
68056
69610
69695
69728
70227
70585
70884
71040
72345
72498
73248
73262
74784
75030
75285
75443
75500
75668
75725
76082
76139
77931
78732
78752
79107
79687
79997
80464
80648
81428
81736
81761
82790
83003
83473
83706
84001
84083
84560
85832
86416
86964
87144
87317
87413
87429
87494
87582
87602
88161
88436
88570
88729
88825
89066
90266
92137
92218
92229
92838
93109
93142
93316
94035
94113
94353
94544
94902
95133
95376
95565
95655
96023
96195
96365
97130
97235
97249
97267
97627
97991
98239
98717
98902
99301
99495
100245
101053
101639
101822
102045
102258
102541
102602
102917
103611
103637
103773
104302
104569
104863
105818
107509
107850
107978
108328
108430
108454
108532
109064
109078
109130
110401
110726
111688
111795
111862
111921
111966
112320
112399
112440
112798
112866
113641
113706
113848
113871
114867
115074
115114
115276
115477
115783
115936
116040
116491
117416
117570
117585
117676
117699
117842
117876
117923
118628
119696
120242
120854
121393
121485
122118
122211
122337
122852
123193
123202
123496
123710
123766
123877
123952
124287
124897
125108
125183
125747
126303
127865
128665
129572
130224
130477
130500
130516
133734
133848
133860
134468
135100
136045
136970
137198
137567
138017
138341
138793
138937
140333
142154
142339
142494
142791
143271
143403
144159
144183
144319
144485
144497
144560
144607
144721
145109
146696
146914
146956
147673
147682
148141
148193
148401
148772
148922
149351
149375
149807
149937
150149
150311
150532
151077
151288
151381
152676
153076
153401
154571
154844
155100
157069
157423
158221
158967
159872
160732
160760
161252
161876
163278
163288
163513
163583
163882
164597
164983
165108
165185
165876
165914
165966
165982
166370
167169
167325
167349
167724
168580
170564
170740
170780
170824
171247
172479
172630
172863
173160
173334
174933
174979
176094
176879
177040
177197
177885
178837
179574
179685
180032
181003
182316
183377
183519
183710
183754
186009
186408
186451
187043
187440
187823
188305
188442
188956
189555
189608
190268
190309
191589
191600
191729
192036
192264
192659
192962
193064
193223
193336
193584
193595
194861
194871
195128
195423
195490
195500
196261
197074
198097
198109
198181
198823
199193
199330
199605
200452
201427
201593
201613
202282
202599
202804
203663
203860
204126
205026
206850
206922
207030
208170
208738
208856
209456
209675
209910
210153
210496
210515
210785
211268
211289
211331
212037
212106
212144
212213
212321
212360
212384
212532
212594
212615
212674
212981
213963
214257
214433
214937
215239
215333
215341
215462
215660
216387
216509
216845
217468
217837
218001
218281
218878
218899
218910
219458
219904
220177
220259
220318
220328
221038
221309
221594
221803
222121
222375
222382
222406
222827
222925
223038
223575
223879
224308
224499
224595
225508
227017
227184
227837
228253
228712
229095
230864
231413
231458
231479
231757
232203
233521
234688
235190
235325
235406
235674
236772
236817
236907
237456
239005
239020
239083
239548
239871
239929
240499
240945
240978
240989
241241
242635
243047
243163
243481
243955
244312
244410
244415
244443
244485
244548
244662
244686
245010
246058
246082
246550
246748
247821
248424
248663
249135
249275
249392
249617
249910
251393
252574
252769
254266
254530
254635
255311
256350
256454
256998
257211
257299
257367
257677
257966
257987
258826
258869
258907
261690
261712
262106
263744
263925
264257
264263
264684
264713
264838
265487
265762
265787
265868
266011
266299
266463
266839
267310
267948
268068
268215
269452
269567
269934
270051
270548
271827
271840
272665
272891
272927
273253
273360
273519
273525
273733
274620
275267
275508
275847
277161
277231
277376
277505
277764
277961
278444
280329
280434
280497
280807
281197
282148
282178
282515
283862
284940
285909
286032
286685
287214
287314
287977
288083
288485
288713
288815
288914
289230
289350
289681
289882
290187
290243
292657
294200
294522
295767
296051
296118
296528
296799
297051
297304
297537
297583
297816
298047
298283
298416
298432
298635
298661
299035
299218
299323
299575
302008
302383
303049
303075
304132
304171
304426
304694
305050
305098
306180
306227
307118
307229
307529
307664
308605
308688
308788
308940
309112
310232
310703
311393
311591
311728
311830
312611
312692
313100
313352
313943
314190
314559
314773
315145
315435
315561
315579
315597
315615
315633
315651
315678
315696
315714
316215
316281
316513
316683
316713
316812
317241
317974
318579
319052
319200
319536
319728
319817
320021
320453
321428
321599
321607
322122
322167
322316
322328
322380
323032
323227
324462
324529
324580
324799
324810
325088
326290
326301
326551
327326
328432
328775
329929
330079
